START JOB BloomFilterUpdateSpeedProfile
Date Time: 2024/06/05 04:37:33 PST
InU	Trials	nS/Set
1	4096	2673.7216796875
2	4096	63.5592041015625
3	4096	49.35245768229014
4	4096	47.62213134765625
5	4096	45.56528320312592
6	4096	45.58337402343626
7	4096	47.268310546875654
8	4096	44.423858642578125
9	4096	44.053032769097086
10	4096	43.605566406250446
11	4096	43.76189630681809
12	4096	43.64058430989521
13	4096	43.31231219952025
14	4096	42.86889648437713
15	4096	43.01982421874889
16	4096	42.67320251464844
17	4003	42.7099381346338
18	3919	42.41867256386211
19	3840	42.81203399122889
20	3767	42.42298911600611
21	3698	42.54504365293998
22	3634	42.61571271326478
23	3574	42.42233765601898
24	3518	42.34157665340203
25	3464	42.44383371824392
26	3414	42.53591546122325
27	3366	42.4988996721025
28	3320	42.16074655765779
29	3277	46.69462186819331
31	3196	43.62453066332827
32	3158	43.45935916719443
33	3122	43.709112262924805
35	3054	43.38376835999754
36	3021	43.42887748722058
38	2961	44.477017010610695
40	2904	43.515693870523826
41	2878	43.7129866607911
43	2827	43.11021627002256
45	2779	43.14823077845913
47	2734	43.12334044109604
49	2692	43.169587894591984
52	2632	42.895735913023486
54	2595	43.60221223150023
56	2560	43.11462751115934
59	2510	42.85215071915628
61	2479	43.103201317294676
64	2435	42.851219199178644
67	2394	42.4832416863066
70	2355	42.99506824385868
73	2318	42.740470646636595
76	2283	42.33507965050476
79	2250	42.593108298171266
83	2209	43.857025203576015
87	2170	42.30393029291769
91	2134	42.70989834907264
95	2100	42.25810025062567
99	2067	42.2977623354985
103	2037	42.82859335306422
108	2001	42.32993225609458
112	1974	42.127627912867965
117	1942	42.59111674456713
123	1906	42.476108821948365
128	1878	42.069176817092654
134	1846	42.27937371646628
140	1815	42.24555686737514
146	1787	42.1497765444493
152	1760	42.151999850478745
159	1731	42.08531077757063
166	1703	41.89324650333569
173	1677	41.91213321338236
181	1649	42.2797878506644
189	1622	42.18697603716075
197	1597	42.09562345641737
206	1571	41.946920210365
215	1546	41.727687355215224
225	1519	41.99679906371089
235	1495	41.957791218957375
245	1472	41.773436113575706
256	1448	41.74437262603591
267	1425	42.0651159734543
279	1402	41.79333415141722
292	1378	41.58186869992202
304	1357	42.02190881588644
318	1335	42.219814854074045
332	1313	41.696124941501864
347	1292	41.99008529545515
362	1271	42.234526257221326
378	1251	41.712185806909694
395	1230	41.499520428115574
412	1211	41.47308049994788
431	1191	44.706080600637655
450	1172	41.852392870686245
470	1153	41.55609787603117
490	1135	41.577317270520474
512	1116	42.15747857862903
535	1098	44.17067395264115
558	1081	41.58970188893197
583	1063	41.488011695434814
609	1046	42.03734297833327
636	1029	41.61869617568526
664	1012	41.69520125958371
693	996	41.67898723320397
724	980	41.990418874732555
756	964	41.53720306702667
790	949	41.44097451014397
825	933	41.44222157263963
861	918	41.88665204112364
899	904	41.624856034728836
939	889	41.36443288039487
981	875	41.62089529634482
1024	861	41.856892194759
1069	847	41.53041108054309
1117	833	41.48864380129847
1166	820	41.942338827762285
1218	806	42.26957201122929
1272	793	41.652859731772494
1328	781	44.69963786001866
1387	768	41.429519458964315
1448	756	41.99247365459407
1512	744	41.52425844142906
1579	732	41.36205473478755
1649	720	41.791098140287176
1722	708	41.86984405860998
1798	697	41.34665729337386
1878	685	41.775775596029085
1961	674	41.82091511476747
2048	663	41.31823417467949
2139	653	41.864502096627476
2233	642	41.654019361238234
2332	632	41.30918752849728
2435	622	41.65342902606019
2543	612	41.5335047638141
2656	602	41.36018930372641
2774	592	41.81748353436365
2896	583	41.356654473432435
3025	573	41.27005783681665
3158	564	41.66046211580179
3298	555	41.35072853326339
3444	546	41.380056838245075
3597	537	42.04000178091715
3756	528	41.310120473908455
3922	520	41.42196877574232
4096	512	41.5447940826416
4277	503	44.08477821404525
4467	495	41.57631067785539
4664	487	41.46336480922512
4871	479	41.39941985480086
5087	472	41.58693146038589
5312	464	41.61351778341805
5547	456	41.47029491205937
5793	449	41.594000823511365
6049	442	41.69002617387865
6317	435	41.34424168317943
6597	428	41.49053874672569
6889	421	41.47612100808579
7194	414	41.63057110125322
7512	407	41.42800577225495
7845	401	41.61397875610526
8192	394	41.24280311855568
8555	388	41.56647225050762
8933	382	41.20864252377945
9329	376	41.714060536464814
9742	369	41.28437981772548
10173	364	41.533127174604594
10624	358	41.238728745288356
11094	352	41.40656804660992
11585	346	41.264192535194795
12098	341	44.205965068267005
12634	335	41.23835185320826
13193	330	43.24845269185449
13777	324	41.30221195282529
14387	319	41.56313813432669
15024	314	41.234857773210415
15689	309	44.14558176827455
16384	304	41.3145761991802
17109	299	44.05606194865852
17867	294	41.434478263236784
18658	289	41.35689599088454
19484	285	41.32807503772776
20347	280	41.325085832239296
21247	276	41.54654433737619
22188	271	41.48899591348534
23170	267	41.4092195933331
24196	263	41.33782710525639
25268	258	41.52127533921632
26386	254	41.50142478921357
27554	250	41.28203890542208
28774	246	41.522548585811144
30048	242	41.40998328294561
31379	238	41.43151979552777
32768	234	41.47256874019264
34219	230	41.32407891878019
35734	227	41.32054196832249
37316	223	41.46899897950697
38968	219	41.361139077702454
40693	216	41.34595391781826
42495	212	41.4165770889805
44376	209	41.35295459073955
46341	206	41.53069761663381
48393	202	41.43656066369145
50535	199	41.25650395044382
52773	196	41.47163786212569
55109	193	41.862207512064906
57549	190	41.72987742253513
60097	186	41.676041653806635
62757	183	42.13557332032104
65536	181	41.893149613016874
68438	178	41.56539315007008
71468	175	41.60970424325775
74632	172	41.77907296140817
77936	169	43.41535772334513
81386	166	45.07419788015996
84990	164	42.688271790942395
88752	161	41.53834888647769
92682	158	41.34254121688453
96785	156	41.40625070371418
101070	153	41.757362754474855
105545	151	41.44483903949823
110218	148	41.52249135987499
115098	146	41.60172534328698
120194	144	41.70103691162249
125515	141	41.362603096518924
131072	139	41.39669003932596
136875	137	41.6061612505416
142935	135	43.312677168720825
149263	132	41.66964691568412
155872	130	42.82614655220062
162773	128	42.07472523084296
169979	126	41.62755128387943
177505	124	41.3192070918493
185364	122	41.3614517788836
193571	120	41.37727410097587
202141	118	41.35112673910533
211090	116	43.7877436246347
220436	114	41.78934379808056
230195	113	41.38890590451688
240387	111	41.35383263556585
251030	109	41.413830504559726
262144	107	41.58684172585746
273750	105	41.56292821917807
285870	104	42.289986068169796
298527	102	41.417605935338585
311744	100	41.421252758673766
325546	99	41.50449544687226
339959	97	41.38603330061967
355010	96	41.40908762546595
370728	94	41.406145648102616
387141	92	41.56425184038667
404281	91	41.450722352810246
422180	90	41.479168680025914
440872	88	42.16650454821767
460391	87	45.505732271497266
480774	85	46.74075592323063
502060	84	42.183958021522756
524288	82	42.40434351200011
547500	81	42.6493113253284
571740	80	46.55296865708188
597053	79	41.650584653267536
623487	77	41.54114895364672
651091	76	41.50093606043752
679917	75	42.583614411759086
710020	74	41.577683061078616
741455	72	41.5232159702507
774282	71	43.04574000425147
808563	70	41.38547037857816
844361	69	41.71260515348292
881744	68	42.12487387962678
920782	67	42.02753704127611
961548	66	41.460418559920605

PROPERTIES:
FileNameDateFormat=yyyyMMdd'_'HHmmssz
JobProfile=org.apache.datasketches.characterization.filters.BloomFilterUpdateSpeedProfile
numBits=16777216
numHashes=16
OutputFileName=BloomFilterUpdateSpeedProfile20240605_043733PST.txt
OutputFileNameData=BloomFilterUpdateSpeedProfile20240605_043733PST.tsv
ReadableDateFormat=yyyy/MM/dd HH:mm:ss z
TimeZone=PST
TimeZoneOffset=-28800000
Trials_lgMaxBpU=20
Trials_lgMaxT=12
Trials_lgMaxU=20
Trials_lgMinBpU=4
Trials_lgMinT=6
Trials_lgMinU=0
Trials_UPPO=16

Total Job Time: 0:01:51.301
END JOB BloomFilterUpdateSpeedProfile


