START JOB QuotientFilterUpdateSpeedProfile
Date Time: 2024/06/05 04:35:00 PST
InU	Trials	nS/Set
1	4096	3360.8271484375
2	4096	281.9588623046875
3	4096	36.98364257812573
4	4096	29.807861328125
5	4096	31.970068359376917
6	4096	29.562825520831773
7	4096	25.378627232144176
8	4096	25.49688720703125
9	4096	25.447943793403496
10	4096	24.34907226562455
11	4096	26.12033913352272
12	4096	22.979614257812177
13	4096	22.141019381008526
14	4096	21.601771763393735
15	4096	67.65667317708623
16	4096	18.880401611328125
17	4003	18.820678608691136
18	3919	18.853321425533636
19	3840	39.74483278508915
20	3767	18.81348553225372
21	3698	23.967022071133822
22	3634	18.68725921849175
23	3574	23.09631152526676
24	3518	22.533494409702172
25	3464	22.91207852194046
26	3414	22.517822540668785
27	3366	23.08482427763548
28	3320	23.731723321859402
29	3277	18.575905211873682
31	3196	21.871129234123252
32	3158	21.829154132362255
33	3122	21.753702948769305
35	3054	24.11337823931176
36	3021	18.80964728382823
38	2961	23.79728576761014
40	2904	23.378056129476057
41	2878	18.62971406295106
43	2827	21.55009419139265
45	2779	21.751333413297697
47	2734	29.629395010038614
49	2692	20.829009612760323
52	2632	22.631941197100822
54	2595	21.489288517804667
56	2560	21.786077008928537
59	2510	20.53878722398595
61	2479	21.919811663877464
64	2435	21.157822125256672
67	2394	21.064389830297262
70	2355	22.804664846830892
73	2318	21.52837826657404
76	2283	21.830612997672
79	2250	21.05283825597705
83	2209	22.324603075043157
87	2170	21.3793845012978
91	2134	22.134844536906847
95	2100	21.506030075188242
99	2067	21.973933822990556
103	2037	20.738488449128006
108	2001	20.556749403076346
112	1974	20.3862036836011
117	1942	20.43903544675943
123	1906	21.19812061184625
128	1878	20.377288005857295
134	1846	21.162836952830727
140	1815	20.90146792601347
146	1787	20.998022245900852
152	1760	25.623942135167802
159	1731	20.867757394750715
166	1703	20.28310776871391
173	1677	21.25615519042069
181	1649	20.589273927945843
189	1622	30.069468094129082
197	1597	19.772590739616795
206	1571	19.439705091680015
215	1546	19.488543578326865
225	1519	19.195096189013213
235	1495	19.438531274461006
245	1472	19.435827972493307
256	1448	19.429995036256905
267	1425	19.328058348117438
279	1402	19.167640697620982
292	1378	19.141136648309008
304	1357	22.288041054182532
318	1335	19.239335264880733
332	1313	19.161538002734364
347	1292	24.891016318555348
362	1271	19.98387531460424
378	1251	19.1782806558986
395	1230	19.532028403828484
412	1211	18.914421203691116
431	1191	19.009465811840897
450	1172	20.280881683731455
470	1153	18.86720673174522
490	1135	18.885759237615776
512	1116	18.963270399305557
535	1098	18.86288408831695
558	1081	19.34887880927989
583	1063	19.488987928594582
609	1046	22.743657125275067
636	1029	45.30943212864666
664	1012	34.515034942140204
693	996	20.318712077748142
724	980	20.871893674596997
756	964	20.426743726536287
790	949	20.670384548692155
825	933	20.351525544837394
861	918	20.49507336810056
899	904	21.413810330061928
939	889	21.179793021079917
981	875	21.099557885539536
1024	861	20.000579585873982
1069	847	20.32185239711395
1117	833	19.97904049712993
1166	820	20.41329749403847
1218	806	20.04837487318025
1272	793	20.161282487488812
1328	781	19.98073504003215
1387	768	20.006354579728377
1448	756	20.070218180888045
1512	744	19.954345522557883
1579	732	19.902047709520804
1649	720	20.071508826898416
1722	708	20.003374410257408
1798	697	20.221476756415157
1878	685	19.905216762668804
1961	674	20.303439321971343
2048	663	19.99011138409691
2139	653	19.9869384084818
2233	642	19.965131495424743
2332	632	20.985705213105476
2435	622	19.973760869421803
2543	612	19.8401802718728
2656	602	20.044175664451867
2774	592	21.15475993296833
2896	583	21.490410858296283
3025	573	20.396014019298175
3158	564	19.967881862566827
3298	555	19.828209835062463
3444	546	20.111329147043424
3597	537	21.458395652491284
3756	528	19.84085614531897
3922	520	20.14370268308946
4096	512	20.062544345855713
4277	503	19.847847216444155
4467	495	19.848284049358607
4664	487	20.053335258751574
4871	479	22.13875653659834
5087	472	23.466038389647228
5312	464	21.900557780691685
5547	456	21.73813567630994
5793	449	21.706254418876615
6049	442	21.85492422740678
6317	435	21.743069877124167
6597	428	21.738819967728187
6889	421	21.870093084469072
7194	414	21.81152503629569
7512	407	23.826658672904692
7845	401	23.795227355448212
8192	394	26.71474398695273
8555	388	23.268618460296302
8933	382	23.089831338943835
9329	376	23.272239618850392
9742	369	23.052131162863677
10173	364	23.13112602525755
10624	358	23.136378264454457
11094	352	23.261062746857426
11585	346	23.053480557128676
12098	341	23.211193629348593
12634	335	23.080388858304648
13193	330	23.110288973261778
13777	324	23.11520766853325
14387	319	23.398795019798676
15024	314	23.09874434450527
15689	309	23.218573357830525
16384	304	23.14912173622533
17109	299	23.173927509060043
17867	294	23.168243891276784
18658	289	23.27128598881116
19484	285	23.163853922426675
20347	280	23.40767891370442
21247	276	23.22238126712516
22188	271	23.332086856563535
23170	267	23.26050265178884
24196	263	23.332142383462834
25268	258	23.290169690990112
26386	254	23.314423927983775
27554	250	23.354316759817106
28774	246	23.432459068456662
30048	242	23.90389000189229
31379	238	23.83044540037883
32768	234	23.451969374958267
34219	230	23.61162740760602
35734	227	23.523415673667095
37316	223	23.513088315667385
38968	219	23.59360414211777
40693	216	23.62600504136209
42495	212	23.588929996203778
44376	209	23.63809934763649
46341	206	23.809197982117784
48393	202	23.817861616922343
50535	199	24.835864491150705
52773	196	23.9707721983683
55109	193	24.01083862344592
57549	190	24.174132615592583
60097	186	23.920919513453267
62757	183	24.030661069224337
65536	181	24.070138583525768
68438	178	24.289942902474507
71468	175	24.19816989022059
74632	172	24.240496625925147
77936	169	24.770320496623544
81386	166	24.375581973039992
84990	164	24.52280347185752
88752	161	24.487585617876384
92682	158	24.64841766005934
96785	156	24.727190985040863
101070	153	24.736002550487562
105545	151	24.921936250787862
110218	148	24.910212586064073
115098	146	25.076665281307605
120194	144	25.083060221623185
125515	141	25.317212856082577
131072	139	25.310683380785605
136875	137	25.399415898410158
142935	135	25.55964972423363
149263	132	25.675745059716643
155872	130	25.873351606051507
162773	128	26.099682389355124
169979	126	26.324275678498847
177505	124	26.303306358476057
185364	122	26.74154662814964
193571	120	27.065616362988255
202141	118	26.86431370819447
211090	116	27.0307973719332
220436	114	27.28831855719431
230195	113	27.488215243444053
240387	111	27.74210287113231
251030	109	28.076609067888015
262144	107	28.251552760043992
273750	105	28.538413950858885
285870	104	28.778228437616878
298527	102	29.185636704979622
311744	100	29.615951100903313
325546	99	29.991874877866426
339959	97	30.2840110828404
355010	96	30.73712835553927
370728	94	31.352370660464725
387141	92	31.854440349392984
404281	91	32.543007799683245
422180	90	33.21203265063348
440872	88	33.9111355656311
460391	87	34.56619916549195
480774	85	35.28608006843865
502060	84	36.28465099978564
524288	82	37.595823543827706
547500	81	38.65305541462315
571740	80	40.08376397051107
597053	79	41.71668123859072
623487	77	43.67632897666723
651091	76	45.908987619080506
679917	75	48.71203806739155
710020	74	54.989735405245504
741455	72	57.28332703940224
774282	71	61.58888256347698
808563	70	70.00926852417723
844361	69	78.5773234674385
881744	68	93.37562910083014
920782	67	118.70565022975116
961548	66	171.95436156546066

PROPERTIES:
FileNameDateFormat=yyyyMMdd'_'HHmmssz
JobProfile=org.apache.datasketches.characterization.filters.QuotientFilterUpdateSpeedProfile
lgNumSlots=20
numBitsPerSlot=16
OutputFileName=QuotientFilterUpdateSpeedProfile20240605_043500PST.txt
OutputFileNameData=QuotientFilterUpdateSpeedProfile20240605_043500PST.tsv
ReadableDateFormat=yyyy/MM/dd HH:mm:ss z
TimeZone=PST
TimeZoneOffset=-28800000
Trials_lgMaxBpU=20
Trials_lgMaxT=12
Trials_lgMaxU=20
Trials_lgMinBpU=4
Trials_lgMinT=6
Trials_lgMinU=0
Trials_UPPO=16

Total Job Time: 0:02:00.209
END JOB QuotientFilterUpdateSpeedProfile


